# Created by Octave 3.4.0, Sun May 20 20:00:47 2012 CST <andywu@Wu-Paulines-MacBook-Air.local>
# name: yourPredictions
# type: matrix
# rows: 90
# columns: 1
 2
 2
 2
 2
 2
 2
 1
 2
 2
 2
 1
 1
 2
 1
 1
 1
 2
 1
 2
 2
 2
 2
 2
 2
 1
 2
 2
 1
 2
 1
 1
 1
 2
 1
 2
 2
 2
 1
 1
 1
 2
 2
 2
 2
 2
 1
 2
 1
 2
 2
 1
 2
 2
 2
 2
 1
 2
 2
 2
 2
 2
 2
 1
 1
 1
 2
 2
 2
 2
 2
 2
 1
 2
 1
 2
 2
 1
 2
 2
 2
 1
 2
 1
 2
 2
 2
 2
 2
 1
 2


